13333)

333 1311 se habere praesumeret 3 1311 31133333
tunc cappellum cum 3331113 31 titulo Sanctae

--...-...---...---.-.Ι *— ι·-

31313333 33 13331313, 31 333311 33331 3333 13311
333 33 331313 113333133. 11133 questo, 333333 3333333
33333331313 11333. 1113. 3333313, queste dimostrazioni
331333 33333113 3 questa intentione, 133 331 3331133·
311 questa cosa 33313 13 modo, 333 13333 333 3333
3313331133 quello obe 3 3313 1331333313 exemplo
31 33313,3313 33 331313 333313 3 333 acceptare 13
congratulatione 31 13313 questa 31113 133133 3 33131313
33 3333 3 inconveniente, 333 impossibiie, 333 333
13331, 3 questo 33331 3333 131333333,3333313131333
3’3333133133333333313,31333 3113 3 modi 33 3
133333 11333. Gio. et 133113 31 13 1333131111, 333333
333 333331 33331331333 3 pagare questo grandissimo
benailcio 333 333313 13313 3113333 33111313331333 31
N. S. intanto 31333. 1113. 31 313 13 3333, 13 quale da
biert 13 333 3 31313 continuamente 3133331 33313, 31

333333313313331333113 3113313333 3 1333 31 131. cosi¹

se 333333331333 3333331 3 33313333, 333 333331311333
3 33333113 33 33 113333; 31 31333 13 Bolia 3333 33313
333313 131113’31333331;(333333 331313 mandatela per
consolatione degli amicita 3313333 33113 333333333
33331 133333 13 questa, ma 33 bier-mattiae in qua
131 3333 333331313 31 mutato. Spero in 11333. Dome-
nedlo, 333 31 1333 33313 33113 1311333 333133, 31 N.
S. 33 3333 3331 31 3111 33313313. 1333313, 33 313333,
333 13 mandi Piero 3333333 31 bo scripto; 3333333
mio 333333 questo 33333313 313311333333 333 333
3113333313 3331331 13 persona. lli tutto 131 33333·
3333 3333333 11 33333 333133 ·.
1333333 de'iiedici.
Florentiae 111. octobris 1119.

Laurentio 33 Medicis.
1131331333 313 major honorande, etc.

-Risponderb 3133333313 3113 3331133133333313 3113
33313333 31 11, 31 333333 333 13 3113 33 11313331·
33331 3 13333 31333 13 333331 ti. 11133, 3333 3333333
quanto 33 replicate di 33333, 3133 quello ne intendo.
Egli 3 3333 333 13 33333,333 33113 33313 331 (13331-
3311 333 313 molta 3111133113 33 ω33331133 13 3331133-
11333 31 ll. 6133333 11 33333311 333 333 31133 31 133
3331313, 3331 ml 3333 33333 33313 13 3333133 333133-
3333; 313 13 311333113 3313 33113 33313 331 1333, >ii
quale, 3133133333 333 11 13313 31 111. (113. 313 31 313333,
333 33333 333 3313311331 3131333333 3 33331133113
3313, 333 3313 333333 133333313 33333333333 311 al·
tri, 333 3333 331 33333 333, 31 333333 3’ 33133131,
a’quali 33 33313333313 queste 331333 publicatione
33113133311,333 3333333 333333 331 133333 13 3333 33·
spese 33333 333333 313 133113 3133113313 3113 333113
333, 3133333333 3313333 1333 3133333 333 de’sua, 31
quaudo Ascanio procurare 31 33333 333 33313333131
33113 3333113331333 331 malleacense, 31333113 331
31333 3331133333333 13 modestia 333133, 333 333331
13333 131333333 3333331333 31 tempo, ct 3333113333
11313, 131333333333133331 questu persua 33313
31 333133331, 31 3331 131 3313 33333 33313 33331 33

i

Pobrtrtcattls tuuoctiitrtt octavi. itia·

11133133 13 1131313133, 3131 131333, cum 1331111313,
1113, lapso 13133313 333331313,333 333 ettam ,

——--

13313, alperti nel 1331313313 3333 333 3313333 di·

3333131333313 l'babbi 33 1333333, 3333 333333 33333

13 3331333313 33331, 31 quando 31 3313331 1333, 3333333
31 3333333313 31 333 333133 ,31 compromesso, quando
33333 11 tempo comodo, 33333 3331 1333333 31 3111-
333113, 31 33133 311 33333 3331313 31 3113113 13313313
31 33133 3333 1313113331331313 31 quello 3133331333·
3333. 113 33331313, 333 333 33313333 31 33333313 31
3313331 1313 3133333 fruito, 333 31333333 3333331113
333 3113331313 313333 33333 3113133311, 31 3331333
33 311 3331333113311133313, 33333311 3331333 3333313
31 11 33333333 31 333133311 3313, 33331333333 (3331333
3333 3’131333133113.11311 33111 31 333 mese, 333 333·
313313 3133333333 311 33 3331313 excepto quelli di
palazzo. Ε 333 3333333 3133331 3331311 3133311311,
33313 messer Falcone, 3333 stati> 1313333111 qualche
33113 31 1333, 31 i’ 33313333333 333133 3333333 333
1313333311333 331 313. 1133333333 311 33 3331313, 333
313333 313333311, 31 33 1313 33331313313, 333 33 311
3331313 d· altro, 333 31 333331313 3331333 331333. itt
3333 31 33331333, 333 11 33333313 31333133311 3333,

Ι33313 3133133313333 13 3313313333 3133333333, 31

33 3333 113331333, 333 33 3333331 133313333 33313, ·
1333333331 33· 13313131 333 31 1 333, 31 333113331333
13331 333 largii 1333 qualche 31313133 33131333 31 se.
3333 3333 333 31 33311333 3331 33133333333; come
mi 33333333 11 131333 13 3311333, 311 perturbet 31·
1333 31 33133 3133 (3331333 3333 333313133331333133
133 333333333313, 333 33331 33 31333 3333333 33·
333331 313331. Se pure 33 331 3313331 333 1’ 3331 33
133313 31131 modi, ne 33313313, 31 13 1333.

113 31313 quanto 31 3331331333133333333 333 33·
33333 3333 33313 31 1333331333 333 333133 3 3313 31
333333 33331313 313313333 meglio 13 3331333 333, 31
nominerb quelli cardinali, co'quali lui 3133 33333
3311313 3313311 31 tt. (lior, et 333 311 3333 31333313
331 3333331311 331133 3 113333333111333, S. 11331313
1331133, 1133311, Siena et 0331331131 333313 quello
v'ho 3331113 331 113333333111333, 333 13133 131133
3333 m’ 33 33313, 333 3313333 mi 1333 33 3331313 31
333 mano: S. 113313 13 1331133 333313 quello 31 33
3311313 31133 quello 333 33 33313 3 mellica! 03·
313331311133311333 31 33333 3133 31133 33 333 quanto
piri volta 31 33 3331313. Stena 33313 333333331313313,
31 3133313 quello 11 133333 33133333 it. 13333113,
31 3313 331 13 33313333 331133313333333 333 333313
3331333 33131333. Et 333333 333113313 333 333 33313
331 33113313 3 33313 31333313 33333 31313113333333,
333 33333 31· 33333 333313 3311313333 fondamento
3333311 1333331133 333 r· 33 3331313133 31 11 133·
33313313 3313313313 333 31 iu 333331 3331333333333
3113333313, 3 333 3333333333333 333 131333 33331
13 33113. Et 333333 v’ho 333 3331 3313 3113331313, 333
quando 33 331331313 311 iusso 13313 qualche 3111133113,
13 1133 33333 333 3331 33 33333313311313 331 31333
31 31. (1133331, 31 333 13113 questo 3133313313 333·
333311333 31 333313113 33111 313131, 333 quando 33331
33333133, 33333 3313; 313113333 quello colore 333
31 33333333 333 33333333 cospetto al 313. lodovico,

 

