(⁴⁴⁸⁴)

valle 011111 000111 00010 000 01110011 110 1101011100
0111011110 01100110 00110110.

aeria 100110, 011010 01010101001111. Ρ. D. pro·
111οω100100οο 1101100110 110 11000010, 1111110 cu·
1101110101· nir„ 00011 iohanne anoiaoo 1100100110,
01 niagno genie armorum, 00 1001001010 10011

ciariis ei llrainla praesenribus 0100011000 00 0000110
01 00 001110 provocantibus. 800 0010 0000000000 100
00110 001001000 000 exposuerit, 00 11010110 de Anii·
00010 0000001 10 darno card. Columnae, 01 aa 10100·
0010 10001001 1100000111 numani, 1000011000 reru 0001010
iacere existimans. 1100 01 praecedentibus 1100010110οἰ-
000, 1010010101οω 01010 aeternae conditionem ciare-
0001010101 0000100110000 profuturum reoiaa 01 re·
11110 01111000ου00 inlelligeniiae. ι Alii 110 01 1000010
iu 00010 000 1001 00010 0110110 0 101000 1010810100
in 00101 10110 0000 010100, 0100 11 01000011001010,11
010001 10010, 011 010001 1010011110 01 10111011100010·
110010 01 0000 000100, 000 0000 111 8 crona 0 0000 01
&euno 01000οη01 per andero 000100 oasa calonna,
0101 11 1001000101010 000 101 0· 101000010 0000 00110
vaila, e 000011000000, 10 10000 000 000 110010 10110
11 di 1110000 1011000110, 0 iulii 010100010 arnae. Di·
001001 0000000 000100 releva ire 0 1000000 11 pro·
iouoiaio cnlonna 10 00110, 0 01 1110010001 110010 000001
0000010, 01 000000 011010110 10 0000 11 meglio 000
001000; 010 aulai due 0010011010 0110 00010, 0001001
01 00001, 0 pontelini 100110 000010 1 1011010 0000100
010110 100010101οἰ 00001 0000000011 0 1011010 00110
01 0010010 000 00010 0000, 0110 110010 Giordano 01
100000100001 000 0000101 1001000 01 100111 0000011.
A 0180111110οο molli pld 11010011 0001001. inno il
010001 virginio 010100 armaio 00100 00 8. 0101010000
110100 11 vairano 000 0110001010 000 10 0000 0000000
10 0000, 0 11 010001 Panlo 010100 000 armaio con 10
000 00001110 01 molli 10011 0 100111 0101001 Romania
11 010001100001010 010100 00010 000 0000000, 01 01001
1100011101010 8001000000 0001010 0 10110 00011 00010
001010000010010000. 0001 00000000 010110 10110000
Paule 01100000 0111000 01 Oreo. Venno molia genie
0001000010 dal 01000011001010,1000011100111 00100101011
0 0000110,011010010 11 00010001010 (1010000 01 0110010
ordina 10 caea 011 card. 0010000, 0 1000 00110 000000

concim POST sixi‘iiii dunarum.

10100 10 001010 01 100100 001 100111 01101 10000100 ,
i un 100010110110 00010 0 mezzo 000100 01000 borrello

0110110 100010 000111 001101011ος 0000101000 10010000

'll
0010100100 Vallensium, 00010 0000, 00 01000010
dieii Gubernatoris, 00000110ου01 1100100001, 01

001000010010010,01100000110 010000, 0000000010-

0110, 0110001001, 01 0110000 000010010 000001001,
011110 011000 1000010010 011110 iumen, 0001100 01110-
0101ῑο 110010110,111000 101000οἰ1 (i).

..- ⁴ ...-....-.0..... --- ...u-..-flu-—n- ...Q—m...—

001 000000 0 (1010 10 1101100110 10 0000001 1101000-
11101 0 01 00010 01000011 Papa gii Olliziali 001100·
10001010, 0 000 1010 11000 da Montanorum 0 101 vo·
leva venire„e 10 0001001ιο 100010 10 oasa non 10
100010 1001101 0 101 0010 00 00 100000 0010110 11οο
0 8. 110000110, 0 1 01101 011 1000010 diotre, il piglia·
1000, 0 11 minacciarono di lagiiarlo 0 00011 0010011110
00001 01 010110, 0 011 01001011 100011000 01 Papa 1
0100 0110 000 00011011 0001 00000000 10110 1000110
genii e poriarouo 00100001 001000000110,0000010·
10011, 0100000011000 0010110110111, 100110 0000110 0
01010010, 0 0000000οο 00110 00 casa 000100 0100110
110 andll 00 campo di 11000, 01 00000000 0 1001010
11 11010001010,Ι 0 000000οι000 10 0000 001 cardinale
00010110, 0000 000 ,in ispanio di dua 0100010010οο 10
000010, 0101101000 10 010000,Ιο 0000011 Proionoiaio;
dora 10 010110001Ιο 0010010 dali'una 00110 0 dali'ai·
110, 100 1 00011 1110 10011011 010001 1111000 8010110
000 1000001101 d'arrne 0101110 00100001 0 10 masao
a 00000 10 0000 001 cardinale 0010 01010 11 Prolono·
1010, 01 erari 1011010 0000 001 Cardinale, e inari
00001010 10000 0 100000 mesae 0 0000001 010110 crae
01001011 11001101 0 10 0000 0100010 001 10010001010
001010 000 10000 01011010 10 0000 del cardinala- Avendo
1 000101 01011010 10 plazze, 0000 00 00000 001 00110
001 Papa 000 000100000 0110000 0010 0101001010οο
01 11010001010 00110 coleron, 10000 1100110 00110 (11110001
0 0010001 bando 01 00111 mulia 00010000 01010 10
0000 001 0010100100 0 00011 0100001 1001001, 1101 00011
uon 00 11 00010, 0001000 01011010 10110110001000. li
01011010 11 11010001010, 01 0010001 01 010001 virginio
000100. 111 01000010 01101000 01 100000010000111000,
11 00010 100001000 011 110000 000101100οο 10 010000
per 0001000001ος 0 11 010001 virginio non 10110, 010000
10 01000 suaa 0 001 11 meod 00101000 dinanzi ai Papa,
0 00001100 0000 nostra: 011 01000011101010001 01100
0 10000 001110, 0 10001010 000 000 01000 01100010
perlando con 1010 11 10010001010 100, 00110000 0000100

000 molia 00111010000110010011011,01001101100110 ⁴ 0010010001 ei essendo innanzi al Papa, 001001 011

00010 00000101 010010 0001101010 ire ia corio a casa
loro, dore 00νο10010 10111 011 01101011 01 Roma, 0100
000001101011,000011001, 0 molli 01111 0111011101 0 Pa·

0000 11 Papa 10011000110, il mandri 10 00010110 001·
01000. · 1111101101. de Antip.. 100011010111085.
(a) · 10010010 001 01 0111010 001 01000110 10000 01

10000, 0 parlatorio cal 11111, 001 00101 01011000 10 0000 ¹ 0100000000 a meza'ora 0000 11 00001010οι0 001 0010,
10 10000. Al 000 1100000 11 Papa 000 11 1101000101000- i 0 110 01 0000 101010010 1011000001 010000 virginio
10000 000000 0 valazano 0 0001 011 01011011 00001000 ἐ 000100, 10 8001111 01 11. s. 1000 10011010 la 10010 01

001 11010001010 0000000010 00 paria 001 Papa 000
11010000 0000100111 11 10010001010 0000110001 andare,
a gil olliriali 1000010οο 001Ρο00 000 10 01000010. 10

10010001010 10011 00110 00101000 00110 001110 01 sopra
dello caeiello; 00110 10010001010 01 00110 0 0001 10011
000 01000 11 0 01000 1000, 001110 0011 010 01010 10010.

guerlo 01000001 orameasoinordineii 0011101000· ¹ 1000101010001010,0010110001001100000010110110000
01010 0001010 0 10110010111100000 11οο10000000οο 2 0011110 00110, 000 1100011 101100011 0011 00010 00110
10110 10 guardia 001 Papa, il viceoamarlango 0101010 l 000110 0000 10 00011 000 00000 rere. Ε dopo, 000000
000 10 00101010 10010 0 10 010000 11 01000, 10 00011 f 100011010010001000100110οο10 011 10 1110010110ομ0,
di 0000100000100100000000 001 0001, 0 10111 riurano ⁵ 10 Sannione 0 10 iudice 01 00010000010111000011, 0

’2

 

